id,career_aspiration,math_score,history_score,physics_score,chemistry_score,biology_score,english_score,geography_score
1,Non-STEM,73,81,93,97,63,80,87
2,STEM,90,86,96,100,90,88,90
3,Non-STEM,81,97,95,96,65,77,94
4,Non-STEM,71,74,88,80,89,63,86
5,Non-STEM,84,77,65,65,80,74,76
6,Non-STEM,93,100,67,78,72,80,84
7,STEM,99,96,97,73,88,76,64
8,STEM,95,95,82,63,84,70,85
9,Non-STEM,94,68,94,85,81,74,72
10,Non-STEM,98,69,88,71,67,71,73
11,Non-STEM,65,60,97,94,71,81,66
12,Non-STEM,80,61,100,65,87,64,61
13,Non-STEM,94,59,69,67,89,65,73
14,Non-STEM,66,94,86,100,57,90,63
15,STEM,96,90,86,92,92,95,87
16,Non-STEM,94,50,78,64,79,74,84
17,STEM,92,64,93,91,80,89,72
18,STEM,86,83,85,79,93,76,77
19,STEM,92,87,92,99,97,87,86
20,STEM,99,65,98,75,66,72,100
21,STEM,100,90,72,98,73,97,72
22,Non-STEM,57,55,78,94,83,88,88
23,Non-STEM,89,72,68,72,71,54,90
24,Non-STEM,50,76,81,55,56,80,79
25,STEM,87,91,90,88,95,88,93
26,STEM,92,86,87,81,93,90,99
27,STEM,100,77,80,94,63,90,90
28,Non-STEM,64,75,93,79,81,96,85
29,STEM,79,65,99,71,76,77,83
30,STEM,82,100,61,97,30,74,73
31,STEM,88,69,87,100,88,85,72
32,Non-STEM,70,68,92,74,82,85,72
33,STEM,77,96,98,89,85,62,62
34,STEM,99,84,84,78,78,77,68
35,Non-STEM,90,93,91,80,86,69,62
36,Non-STEM,65,70,78,98,80,66,65
37,Non-STEM,99,94,87,71,89,91,96
38,Non-STEM,92,100,85,89,81,91,88
39,STEM,77,64,64,88,94,82,78
40,STEM,92,60,66,87,60,83,95
41,STEM,85,97,64,90,79,81,81
42,Non-STEM,65,55,66,50,88,56,86
43,Non-STEM,93,94,92,77,87,98,63
44,STEM,97,99,85,96,91,68,66
45,Non-STEM,54,99,79,57,53,95,83
46,Non-STEM,88,53,50,58,84,53,96
47,Non-STEM,71,85,93,68,100,91,87
48,STEM,81,98,74,70,97,65,65
49,Non-STEM,80,78,86,80,64,68,100
50,STEM,100,89,90,93,30,83,74
51,STEM,76,72,96,65,89,87,94
52,Non-STEM,99,81,73,70,85,86,61
53,Non-STEM,64,70,61,81,82,51,70
54,STEM,90,96,86,61,89,98,68
55,STEM,85,100,92,68,60,77,83
56,STEM,91,60,84,88,76,71,99
57,Non-STEM,95,72,79,86,87,81,62
58,STEM,94,78,73,97,67,78,99
59,STEM,94,89,64,96,91,95,77
60,STEM,89,99,90,79,85,96,98
61,STEM,91,81,88,71,78,83,76
62,Non-STEM,83,86,61,99,99,88,73
63,Non-STEM,98,65,53,64,52,96,62
64,STEM,83,97,65,88,67,95,69
65,Non-STEM,91,73,99,70,63,80,78
66,Non-STEM,90,54,77,74,76,96,88
67,STEM,92,86,66,69,100,71,80
68,Non-STEM,64,64,73,76,72,97,91
69,STEM,90,70,85,60,81,71,88
70,STEM,99,81,96,69,91,87,83
71,Non-STEM,89,66,93,81,86,88,70
72,Non-STEM,62,87,93,83,93,97,73
73,Non-STEM,61,70,69,64,59,78,80
74,Non-STEM,51,54,66,87,99,58,68
75,STEM,85,100,64,68,73,81,87
76,STEM,99,90,96,92,100,98,77
77,STEM,87,63,60,90,89,99,80
78,Non-STEM,75,91,80,93,74,93,65
79,Non-STEM,88,94,80,63,68,77,64
80,STEM,87,79,89,68,93,75,92
81,Non-STEM,87,67,94,92,62,58,65
82,STEM,76,67,83,85,91,61,67
83,Non-STEM,60,80,61,63,95,92,75
84,STEM,85,65,99,100,88,93,72
85,Non-STEM,73,67,70,71,65,73,87
86,STEM,85,71,69,80,70,77,66
87,Non-STEM,91,76,71,72,92,67,90
88,STEM,99,95,83,89,81,63,70
89,STEM,93,96,68,87,69,89,100
90,STEM,89,75,60,80,62,85,73
91,STEM,95,78,95,73,32,65,68
92,Non-STEM,68,82,95,63,62,98,93
93,STEM,98,73,73,77,87,98,83
94,STEM,79,92,79,76,84,67,86
95,Non-STEM,78,79,73,96,64,93,85
96,STEM,100,98,89,85,81,64,94
97,Non-STEM,86,76,84,93,76,69,91
98,Non-STEM,87,89,93,98,79,72,88
99,Non-STEM,100,93,85,61,96,83,86
100,STEM,85,89,94,69,99,93,98
101,Non-STEM,87,73,98,91,79,60,77
102,STEM,96,80,100,61,81,98,65
103,Non-STEM,76,87,64,74,73,90,99
104,Non-STEM,90,80,63,94,64,70,79
105,Non-STEM,65,60,100,91,87,78,99
106,Non-STEM,98,97,62,89,62,95,77
107,STEM,91,80,97,89,94,95,84
108,STEM,86,81,83,81,81,77,86
109,Non-STEM,91,93,72,61,61,87,95
110,STEM,78,69,82,60,64,77,82
111,STEM,76,89,89,83,89,90,64
112,Non-STEM,82,54,85,57,50,54,76
113,Non-STEM,45,85,94,76,57,93,86
114,STEM,92,75,65,97,61,76,81
115,Non-STEM,43,65,91,75,64,94,100
116,Non-STEM,96,66,69,65,72,84,77
117,Non-STEM,78,71,50,55,54,97,95
118,Non-STEM,68,96,64,70,74,63,75
119,STEM,93,73,94,65,60,63,93
120,Non-STEM,55,93,67,74,55,60,64
121,Non-STEM,66,90,83,80,76,90,91
122,STEM,98,92,91,99,97,88,75
123,STEM,94,94,94,89,85,86,85
124,STEM,96,100,96,91,91,96,89
125,Non-STEM,69,62,82,89,81,72,71
126,Non-STEM,77,95,98,69,60,89,71
127,STEM,89,67,86,87,87,68,78
128,STEM,96,67,80,83,86,77,75
129,Non-STEM,82,70,80,70,96,69,86
130,Non-STEM,99,97,64,90,87,68,69
131,STEM,96,73,90,85,63,84,87
132,STEM,95,82,66,63,67,92,69
133,STEM,90,63,69,80,99,69,79
134,Non-STEM,88,52,53,56,85,93,78
135,Non-STEM,87,62,87,96,85,90,74
136,Non-STEM,62,83,84,75,83,85,86
137,STEM,85,65,60,78,81,96,76
138,STEM,79,97,76,67,61,90,95
139,STEM,90,94,98,96,68,82,81
140,STEM,97,71,82,80,97,93,78
141,STEM,88,69,87,81,77,67,93
142,Non-STEM,71,85,77,89,98,63,100
143,Non-STEM,70,99,79,96,60,97,100
144,STEM,93,68,76,99,80,80,75
145,STEM,92,79,81,61,86,72,88
146,Non-STEM,83,72,68,94,100,98,92
147,Non-STEM,68,97,51,93,68,58,78
148,Non-STEM,92,90,65,79,96,87,74
149,Non-STEM,69,91,82,99,94,75,74
150,Non-STEM,76,72,72,65,82,71,93
151,Non-STEM,86,92,79,73,73,61,60
152,Non-STEM,41,57,97,56,50,98,83
153,Non-STEM,91,100,84,72,84,90,82
154,Non-STEM,78,67,82,70,65,68,81
155,STEM,89,73,85,84,73,81,98
156,Non-STEM,96,71,88,74,80,92,65
157,Non-STEM,66,99,85,90,76,64,95
158,Non-STEM,97,54,62,66,58,69,96
159,Non-STEM,49,64,97,61,62,72,65
160,Non-STEM,88,66,96,82,65,76,79
161,Non-STEM,92,64,77,61,76,72,87
162,Non-STEM,96,66,92,88,65,76,72
163,Non-STEM,86,88,99,79,93,97,91
164,STEM,86,100,100,96,95,97,93
165,Non-STEM,88,72,96,60,90,80,88
166,STEM,92,81,99,98,77,80,73
167,Non-STEM,87,76,71,65,64,81,61
168,Non-STEM,89,94,67,68,69,92,76
169,Non-STEM,97,96,66,96,71,97,66
170,STEM,100,62,67,97,73,84,99
171,Non-STEM,91,98,76,99,65,98,71
172,STEM,81,87,65,85,74,64,81
173,STEM,82,66,89,76,68,83,79
174,Non-STEM,100,96,75,68,77,97,81
175,Non-STEM,65,100,80,83,57,81,81
176,Non-STEM,68,100,89,75,84,78,90
177,STEM,97,92,95,75,95,90,83
178,STEM,76,94,77,88,85,91,61
179,STEM,91,99,94,94,95,98,89
180,Non-STEM,85,73,89,73,97,66,79
181,Non-STEM,68,69,86,87,72,80,93
182,Non-STEM,73,99,75,70,100,86,62
183,Non-STEM,65,90,75,96,91,93,85
184,Non-STEM,46,79,75,86,91,88,77
185,STEM,92,84,85,77,81,69,95
186,Non-STEM,69,78,69,70,100,88,85
187,Non-STEM,78,99,64,99,65,84,80
188,Non-STEM,92,62,86,97,54,76,76
189,Non-STEM,70,77,91,96,100,89,67
190,STEM,95,79,98,95,89,99,87
191,STEM,99,82,93,83,92,90,60
192,STEM,96,66,79,80,88,61,85
193,STEM,85,90,85,74,96,71,80
194,STEM,91,94,82,100,68,66,69
195,STEM,85,64,93,80,82,70,94
196,STEM,94,73,61,68,65,85,67
197,STEM,95,69,62,87,84,83,64
198,Non-STEM,69,90,83,70,83,91,67
199,STEM,95,72,94,96,91,61,94
200,Non-STEM,94,88,65,88,60,81,78
201,STEM,82,81,100,81,60,79,96
202,STEM,99,73,91,91,93,80,100
203,STEM,85,62,84,80,37,80,71
204,STEM,100,87,60,92,46,67,96
205,Non-STEM,98,95,90,81,82,86,98
206,STEM,97,78,81,67,90,95,79
207,Non-STEM,99,86,68,94,97,77,92
208,STEM,99,73,77,74,62,68,99
209,STEM,75,83,70,71,86,95,76
210,Non-STEM,63,80,99,78,60,84,86
211,STEM,96,88,90,100,94,87,96
212,Non-STEM,91,73,86,73,84,60,71
213,Non-STEM,52,58,60,97,93,89,68
214,STEM,99,71,80,82,95,64,64
215,STEM,84,62,92,74,73,98,91
216,Non-STEM,100,90,82,79,94,83,78
217,STEM,82,71,93,90,90,76,97
218,STEM,75,88,65,80,76,94,97
219,Non-STEM,66,71,94,72,96,70,63
220,STEM,99,88,72,76,68,92,72
221,Non-STEM,99,76,94,88,75,66,84
222,STEM,95,87,79,95,84,90,74
223,STEM,99,61,75,68,66,90,99
224,Non-STEM,65,72,96,69,78,93,72
225,Non-STEM,85,55,74,71,66,50,99
226,Non-STEM,69,78,57,72,71,96,87
227,Non-STEM,75,76,88,65,97,83,85
228,STEM,91,78,72,69,77,91,96
229,Non-STEM,92,95,61,98,89,85,80
230,Non-STEM,62,64,65,86,67,94,68
231,STEM,87,91,98,94,100,87,89
232,STEM,97,88,87,61,86,92,94
233,Non-STEM,97,92,79,88,92,99,85
234,Non-STEM,98,88,92,84,90,90,71
235,STEM,96,67,88,95,82,75,84
236,Non-STEM,98,89,81,56,72,74,94
237,Non-STEM,87,82,95,81,85,84,73
238,Non-STEM,96,80,86,94,63,72,75
239,Non-STEM,82,74,77,95,81,76,91
240,STEM,100,72,99,64,70,93,67
241,STEM,91,81,91,76,100,92,87
242,Non-STEM,87,62,85,64,63,61,85
243,STEM,75,95,84,87,78,82,86
244,STEM,86,78,61,71,94,92,65
245,STEM,94,62,97,96,74,68,69
246,STEM,99,64,92,78,30,78,88
247,Non-STEM,84,91,94,66,78,71,93
248,STEM,92,81,68,96,99,92,79
249,STEM,95,84,95,72,62,80,83
250,Non-STEM,90,88,94,99,92,87,97
251,Non-STEM,93,100,87,66,85,96,87
252,Non-STEM,69,63,88,73,83,74,94
253,STEM,97,80,80,65,91,67,84
254,STEM,76,72,80,92,41,90,78
255,Non-STEM,85,85,92,86,99,86,93
256,STEM,91,87,89,97,93,87,100
257,STEM,82,95,92,62,73,75,93
258,Non-STEM,59,56,87,97,62,74,61
259,Non-STEM,78,71,73,51,80,84,65
260,Non-STEM,89,65,82,65,76,95,62
261,STEM,86,91,92,96,90,96,90
262,Non-STEM,76,93,65,95,76,88,88
263,Non-STEM,79,68,63,72,81,67,67
264,Non-STEM,91,96,77,76,80,97,80
265,Non-STEM,89,66,80,77,60,88,74
266,Non-STEM,97,94,81,97,79,86,63
267,STEM,100,86,74,96,80,99,76
268,STEM,96,68,87,96,91,68,65
269,STEM,94,64,100,71,84,92,99
270,STEM,98,68,80,75,80,81,60
271,Non-STEM,53,71,98,95,94,71,77
272,Non-STEM,44,64,58,66,87,62,68
273,Non-STEM,85,70,73,95,100,70,94
274,Non-STEM,51,91,67,79,58,52,75
275,Non-STEM,90,89,82,74,67,92,82
276,STEM,100,92,90,66,73,68,70
277,Non-STEM,95,73,61,91,84,92,94
278,Non-STEM,76,81,96,74,75,80,98
279,Non-STEM,71,98,96,60,90,79,72
280,STEM,95,60,87,71,91,84,98
281,STEM,92,88,76,93,69,75,97
282,STEM,82,95,96,100,89,64,91
283,Non-STEM,85,94,83,76,77,81,92
284,Non-STEM,82,85,75,92,76,95,85
285,STEM,98,77,94,63,69,88,100
286,STEM,93,96,94,84,91,67,68
287,Non-STEM,84,97,60,100,83,88,94
288,Non-STEM,81,95,76,60,61,98,77
289,Non-STEM,62,64,84,67,78,51,62
290,STEM,92,70,60,94,87,90,86
291,Non-STEM,64,93,61,61,74,94,64
292,STEM,89,67,97,67,75,94,93
293,STEM,99,88,84,87,36,96,86
294,STEM,95,82,93,99,66,93,86
295,Non-STEM,72,92,67,100,70,94,81
296,Non-STEM,68,89,68,90,68,99,74
297,STEM,92,69,78,68,70,80,73
298,STEM,97,74,97,60,65,90,97
299,Non-STEM,81,92,94,77,84,63,64
300,STEM,88,60,81,85,87,90,76
301,STEM,76,82,70,72,78,60,81
302,STEM,77,62,97,82,74,98,95
303,STEM,89,81,99,71,67,74,89
304,Non-STEM,65,69,66,65,90,76,60
305,Non-STEM,82,55,76,63,70,61,60
306,STEM,77,60,61,91,62,78,91
307,Non-STEM,66,70,88,70,62,70,75
308,STEM,90,96,100,87,100,90,89
309,Non-STEM,73,87,90,96,61,61,76
310,STEM,89,64,74,97,95,77,88
311,Non-STEM,72,55,54,62,75,79,96
312,STEM,87,90,89,88,93,87,70
313,STEM,75,98,96,85,81,69,90
314,Non-STEM,80,85,98,99,92,70,96
315,Non-STEM,85,87,87,90,91,91,99
316,STEM,92,93,74,76,79,65,74
317,Non-STEM,63,60,92,88,90,68,100
318,STEM,99,99,87,80,89,78,87
319,Non-STEM,87,88,51,96,77,71,61
320,STEM,87,84,62,76,89,83,93
321,STEM,90,75,71,64,97,89,88
322,STEM,94,83,99,100,94,91,69
323,Non-STEM,86,76,81,83,81,70,65
324,Non-STEM,96,81,95,78,79,65,86
325,Non-STEM,75,69,85,73,79,93,74
326,Non-STEM,74,92,81,79,74,85,86
327,Non-STEM,96,91,96,69,70,99,70
328,Non-STEM,79,77,62,98,76,99,82
329,Non-STEM,70,88,60,68,66,82,60
330,Non-STEM,79,91,62,87,80,65,94
331,STEM,91,65,86,66,88,85,60
332,Non-STEM,90,72,78,61,78,88,74
333,Non-STEM,87,100,86,60,80,78,96
334,Non-STEM,69,99,78,85,98,86,73
335,Non-STEM,66,99,50,62,97,60,84
336,Non-STEM,65,95,78,65,74,69,63
337,Non-STEM,83,81,88,82,97,83,74
338,Non-STEM,100,89,95,63,67,92,75
339,STEM,85,70,78,66,69,62,100
340,Non-STEM,45,98,95,66,84,83,100
341,Non-STEM,73,75,94,82,71,90,75
342,STEM,95,83,96,97,72,77,61
343,Non-STEM,96,95,61,72,71,83,96
344,Non-STEM,94,72,96,93,93,79,64
345,Non-STEM,92,69,69,60,90,88,95
346,Non-STEM,56,52,76,95,54,59,85
347,STEM,85,74,65,76,100,95,68
348,Non-STEM,65,90,68,99,74,82,86
349,Non-STEM,64,81,95,87,86,91,80
350,STEM,100,88,94,67,62,66,96
351,Non-STEM,76,64,64,60,75,92,61
352,STEM,97,76,91,76,89,60,85
353,Non-STEM,95,98,98,83,77,93,83
354,STEM,85,64,90,94,68,97,61
355,Non-STEM,86,91,96,60,91,73,88
356,Non-STEM,100,58,58,100,60,52,82
357,Non-STEM,65,77,66,100,88,77,62
358,Non-STEM,71,81,99,74,74,82,67
359,Non-STEM,80,94,97,83,84,77,79
360,Non-STEM,91,76,96,77,99,64,83
361,STEM,91,87,88,82,95,70,87
362,STEM,100,86,81,100,66,98,97
363,Non-STEM,92,79,71,65,99,91,98
364,STEM,89,76,95,83,84,96,61
365,STEM,93,92,92,76,49,93,75
366,Non-STEM,81,64,67,74,65,94,96
367,Non-STEM,70,73,70,67,96,86,89
368,Non-STEM,61,70,89,97,60,79,79
369,Non-STEM,62,53,78,77,59,95,80
370,STEM,83,61,79,99,66,60,76
371,STEM,85,96,87,63,69,69,81
372,Non-STEM,83,55,87,74,73,77,61
373,Non-STEM,73,95,54,94,99,58,94
374,Non-STEM,61,65,73,78,77,97,96
375,Non-STEM,77,72,81,63,69,73,80
376,Non-STEM,77,87,65,91,71,90,90
377,Non-STEM,99,94,94,62,68,79,68
378,Non-STEM,73,69,94,78,76,63,71
379,Non-STEM,95,89,96,89,60,99,93
380,Non-STEM,94,79,92,100,93,63,98
381,STEM,75,83,85,65,76,94,60
382,Non-STEM,66,83,77,91,84,74,62
383,STEM,91,79,89,74,79,74,61
384,Non-STEM,81,61,75,65,90,92,80
385,Non-STEM,71,69,69,67,70,78,66
386,Non-STEM,77,94,97,77,63,98,98
387,STEM,91,87,93,85,98,85,95
388,STEM,83,98,100,93,100,77,76
389,Non-STEM,75,51,70,84,66,64,88
390,STEM,86,96,68,71,86,94,89
391,STEM,86,88,89,89,98,89,96
392,STEM,85,67,60,82,77,72,72
393,Non-STEM,62,81,80,88,78,94,85
394,Non-STEM,100,65,67,61,76,58,84
395,Non-STEM,79,86,97,60,66,74,96
396,Non-STEM,99,97,68,85,86,85,73
397,Non-STEM,46,65,97,100,56,73,95
398,STEM,85,97,88,61,80,80,84
399,Non-STEM,85,68,89,64,79,66,66
400,STEM,85,87,91,63,95,88,62
401,STEM,99,86,90,100,96,77,60
402,STEM,84,92,63,91,89,92,76
403,Non-STEM,85,72,87,72,68,85,78
404,STEM,100,79,92,92,67,68,72
405,STEM,86,61,68,91,60,86,62
406,Non-STEM,79,70,71,95,79,77,68
407,STEM,76,82,76,71,70,89,76
408,STEM,96,63,69,67,69,92,77
409,STEM,100,77,75,74,80,94,74
410,STEM,88,84,87,97,94,87,85
411,STEM,96,76,98,89,93,85,75
412,STEM,92,66,96,71,87,89,61
413,STEM,87,93,99,100,97,92,90
414,STEM,95,82,74,87,36,61,88
415,Non-STEM,44,76,56,71,66,54,91
416,STEM,78,89,68,63,81,92,97
417,STEM,95,78,93,85,48,68,75
418,Non-STEM,57,56,53,75,98,92,73
419,STEM,86,99,95,94,92,90,77
420,Non-STEM,92,97,100,91,95,90,95
421,Non-STEM,69,69,84,100,69,77,87
422,Non-STEM,91,62,75,60,82,91,96
423,STEM,79,79,97,78,31,99,84
424,STEM,93,96,80,64,91,68,71
425,Non-STEM,90,79,90,73,76,68,95
426,STEM,99,68,100,95,95,88,83
427,STEM,90,69,81,92,65,89,69
428,Non-STEM,71,84,66,75,93,84,69
429,Non-STEM,98,93,67,74,81,87,76
430,STEM,94,99,83,94,93,95,93
431,STEM,92,89,79,76,86,61,81
432,STEM,100,96,74,61,87,94,60
433,Non-STEM,48,55,86,51,54,94,61
434,Non-STEM,63,87,71,68,66,67,99
435,STEM,89,83,89,91,94,93,69
436,STEM,88,90,93,81,88,90,74
437,Non-STEM,98,87,67,97,62,60,79
438,Non-STEM,92,86,88,75,60,50,79
439,STEM,80,60,100,99,98,75,94
440,Non-STEM,92,63,91,65,69,94,98
441,Non-STEM,82,95,68,64,97,99,60
442,STEM,84,74,74,75,99,99,85
443,Non-STEM,61,70,65,67,93,81,63
444,STEM,99,87,98,76,65,94,67
445,STEM,83,69,90,78,39,95,82
446,Non-STEM,56,90,95,59,91,77,99
447,Non-STEM,65,64,52,56,63,82,83
448,Non-STEM,94,61,77,73,79,65,89
449,STEM,90,96,73,89,93,87,96
450,Non-STEM,94,82,81,90,76,97,86
451,Non-STEM,89,87,63,83,64,85,72
452,STEM,89,67,68,93,98,75,88
453,STEM,88,98,87,85,96,77,96
454,STEM,76,94,90,75,92,86,87
455,Non-STEM,88,78,84,96,92,99,97
456,STEM,88,76,80,72,100,69,71
457,Non-STEM,54,88,82,89,72,60,69
458,STEM,87,87,76,67,68,89,77
459,Non-STEM,95,73,79,81,82,69,100
460,Non-STEM,72,72,68,81,95,90,99
461,Non-STEM,95,76,70,89,88,87,62
462,STEM,91,97,86,77,83,79,62
463,Non-STEM,79,81,63,79,96,96,89
464,STEM,80,71,94,92,92,60,78
465,Non-STEM,86,90,88,73,50,93,71
466,STEM,88,88,90,67,77,83,64
467,Non-STEM,83,95,86,80,64,66,97
468,STEM,84,84,80,97,87,97,91
469,STEM,85,82,81,85,72,90,71
470,STEM,91,85,96,83,74,87,74
471,STEM,83,71,94,60,63,93,67
472,Non-STEM,97,93,99,98,96,79,88
473,Non-STEM,63,68,92,73,66,69,87
474,STEM,92,98,90,82,86,86,89
475,Non-STEM,78,78,64,94,79,92,63
476,Non-STEM,78,90,69,100,90,91,90
477,STEM,89,60,93,79,72,76,85
478,Non-STEM,53,87,100,84,63,62,95
479,Non-STEM,63,84,60,85,91,83,84
480,Non-STEM,100,98,71,100,71,92,63
481,Non-STEM,79,54,81,87,67,74,85
482,Non-STEM,93,77,71,62,94,69,72
483,Non-STEM,97,88,67,72,83,87,62
484,Non-STEM,76,82,93,98,98,60,65
485,STEM,84,83,80,91,88,61,61
486,Non-STEM,56,96,65,61,78,77,95
487,Non-STEM,97,89,94,91,95,70,75
488,Non-STEM,67,60,97,53,93,78,81
489,Non-STEM,97,93,64,74,94,74,76
490,Non-STEM,100,67,50,78,73,90,91
491,Non-STEM,83,61,76,75,62,79,94
492,Non-STEM,85,63,83,83,69,94,80
493,STEM,100,96,97,64,76,77,61
494,STEM,92,98,99,86,100,86,87
495,Non-STEM,88,98,65,68,99,94,79
496,Non-STEM,95,82,62,76,64,91,79
497,STEM,76,81,84,80,80,84,70
498,STEM,79,93,72,97,69,78,87
499,STEM,93,70,84,68,71,85,70
500,STEM,79,96,78,90,94,76,88
